 0 11 20 38 34 39 28 53 22 19 31 50  9 39 36 53 34 35 29 34 24  5 43 23 23 41 28 17 28 25 14 64 
38  0  9 56 23 57 24 42 22  8 20 39 27 28 46 54 52 43 18 23 19 23 46 41 35 68 17  6 42 17 32 53 
70 66  0 69 58 94 48 47 46 58 11 51 78 57 68 73 43 47 62 48 43 75 70 75 68 59 78 60 75 70 75 50 
67 40 49  0 59 68 57 52 51 48 60 64 38 62 66 70 63 64 58 53 54 35 49 52 52 64 41 46 27 33 44 63 
45 43 36 78  0 62 49 57 47 35 47 40 49 33 51 43 58 20 53 14 44 45 62 63 49 86 32 33 56 24 35 68 
16 18 27 47  7  0 20 60 14 26 38 27 18 22 40 14 43 19  2 21 15 16 38 32 32 57 35 24 39 31 25 26 
59 41 11 68 49 59  0 52 48 10 22 62 39 54 66 59 39 58 51 49 45 35 60 53 20 64 30 32 27 22 44 61 
31 19 28 58 28 49 36  0 41 27 39 12 39 43 61 53 64 48 23  1 38 36 65 53 53 72 36 25 59 36 45 11 
44 41 50 44 28 48 39 63  0 49 61 68 39 37 55 62 64 48 23 42 34 49 24 29 53 85 38 47 60 52 58 74 
49 34  1 61 56 49 49 48 45  0 12 52 32 58 69 63 44 48 51 49 44 50 66 46 46 60 51 40 42 48 59 51 
59 55 52 75 47 85 64 36 65 51  0 40 67 46 57 72 32 36 51 37 62 64 89 81 65 100 72 49 72 67 67 39 
19 28 35 57 51 58 24 70 41 34 46  0 28 56 55 41 53 54 46 51 42 24 62 42 42 60 45 34 47 44 33 35 
29  2 11 29 25 30 19 44 13 10 22 41  0 30 48 44 25 26 20 25 19 25 34 14 14 58 19  8 21 16 34 55 
28 20 13 61 27 61 28 60 26 12 24 43 32  0 18 26 56 44 22 27 23 28 50 46 39 69 37 10 46 37 37 63 
41 22 31 49  9 50 39 64 33 30 42 49 20 24  0 50 40 29  4 23 39 45 54 34 34 78 39 28 41 33 44 61 
 2  8 17 35 31 36  6 50  4 16 28 40  6 17 33  0 31 32 26 31  1  2 28 20 20 43 25 14 27 22 11 61 
80 48 41 104 69 98 72 49 70 56 52 61 75 76 60 102  0 88 64 50 67 71 94 89 83 100 65 54 84 65 80 60 
45 23 16 68 46 57 31 61 29 15 27 46 47 35 53 61 38  0 41  9 26 44 53 58 29 73 39 13 36 31 53 66 
37 18 27 45  5 46 35 60 29 26 38 45 16 20 38 46 41 25  0 19 35 41 50 30 30 74 35 24 37 29 40 57 
61 39 32 89 54 48 47 79 45 31 43 62 63 51 69 62 73 67 49  0 42 62 69 74 54 91 56 29 61 51 71 74 
47 44 16 47 31 51  5 57  3 15 27 67 42 40 45 64 44 51 26 45  0 40 27 32 25 69 35 37 32 27 32 66 
33  6 15 33 29 34 23 48 17 14 26 45  4 34 31 48 29 30 24 29 19  0 38 18 18 62 23 12 25 20  9 59 
41 33 26 74 10 72 41 39 39 25 37 50 45 13 31 39 68 30 35 24 36 41  0 59 49 68 14 23 41 34 35 50 
15 26 21 15 36 54 10 62  8 20 32 65 24 45 50 68 49 50 31 49  5 20 32  0 30 56 40 32 37 32 29 69 
41 21 15 48 29 49  5 32 28 14 26 44 19 34 46 39 19 44 31 29 25 15 40 33  0 44 10 12  7  2 24 43 
49 44 18 49 21 49  7 50  5 17 29 61 44 24 42 50 43 41 28 35  2 42 29 34 27  0 25 34 34 26 34 61 
56 25 34 66 26 67 41 25 39 33 45 37 37 41 59 67 62 34 21 26 36 48 30 51 51 54  0 31 58 42 57 36 
32 10  3 60 33 51 18 50 16  2 14 33 34 22 40 48 46 50 28 17 13 33 40 45 29 62 27  0 36 27 42 53 
41 14 23 41 37 42 31 25 25 22 34 37 12 42 39 56 37 38 32 26 27  8 46 26 26 37 31 20  0 28 17 36 
39 33 28 72 27 73 43 33 41 41 39 45 43 49 67 37 68 42 29 34 38 39 38 57 57 62  8 39 64  0 48 44 
51 20 27 45 43 52 41 62 35 26 38 59 22 27 45 53 47 48 38 43 37 18 56 36 36 80 37 26 43 37  0 63 
20 29 33 57 17 58 25 71 35 35 44  1 28 32 50 42 53 37 12 31 43 25 59 42 42 61 46 35 48 41 34  0 
